"y" <- c(6.94259729574987, 4.61661626624104, 11.573102532908, 6.66084353114197, 7.69083795775561, 8.23576063334963, 9.16918842759456, 4.09141428084049, 6.82852654214116, 6.05583041399309, 11.490507779434, 7.31437617827161, 7.20169623666761, 11.0066784532107, 5.74912368842979, 8.9868191198681, 9.33141082178402, 2.29633819838012, 6.60011620806646, 3.63426514883804, 4.72184259798988, 3.94215323834541, 1.90352207032416, 7.87911294871745, 5.25856966088896, 2.35593978714354, 9.54847730595794, 8.17857623225077, 5.20499483008151, 6.95079047785672, 7.46018799757316, 8.05501361690804, 9.2986511985545, 8.74200750742593, 9.23551502698887, 8.95556071549167, 9.93932265820385, 4.33614918681306, 7.51974339220872, 2.98757758039802, 6.04714856017237, 6.67631262126213, 4.55763228440974, 11.8101309588349, 9.08830726260401, 3.70175278505993, 7.13378521895464, 2.02875578967933, 5.66075036732674, 3.0144341558703, 10.3067747824711, 8.74390076359662, 7.13196584580449, 11.3278395408668, 6.5438096864989, 7.56328255601532, 2.99439043199723, 8.30845573166705, 9.44815765256376, 4.86423163990009, 5.4303799950513, 3.43811114213677, 7.93277815767873, 1.43935524959821, 3.93519390606658, 9.90416567177341, 8.13454025180534, 6.90414417421334, 8.47716880402808, 11.1354875231873, 2.64755172216633, 2.57598051562858, 11.0236205976391, 6.50550652363785, 2.38512202338309, 6.92112122465668, 3.01194831939751, 3.8530593290151, 8.81977885037488, 6.15106815154275, 6.36912801165219, 8.33435336873734, 6.82495475032743, 8.30797601170562, 6.39644356187173, 6.97926058109243, 9.94948824318571, 8.96341798292559, 7.04206853888644, 9.47560179722787, 9.09578728345508, 8.3139539844765, 9.56901683411381, 1.75572179683976, 7.48651428209182, 4.86173881252582, 9.54862429791098, 9.81842479902306, 6.26954970288479, 2.4220498181686)
"x1" <- c(3.87904870689558, 4.53964502103344, 8.11741662829825, 5.14101678284915, 5.25857547032189, 8.43012997376656, 5.9218324119784, 2.46987753078693, 3.62629429621295, 4.10867605980008, 7.44816359487892, 5.71962765411473, 5.8015429011881, 5.22136543189024, 3.88831773049185, 8.57382627360616, 5.99570095645848, 1.06676568674072, 6.40271180312737, 4.05441718454413, 2.86435258802631, 4.56405017068341, 2.94799110338552, 3.54221754141772, 3.74992146430149, 1.62661337851517, 6.67557408898905, 5.30674623567303, 2.7237261259761, 7.50762984213985, 5.85292844295363, 4.40985703401546, 6.79025132209004, 6.75626697506608, 6.64316216327497, 6.37728050820018, 6.10783530707518, 4.87617657884656, 4.38807467252017, 4.23905799797523, 3.61058604215897, 4.5841654439608, 2.46920729686347, 9.33791193067703, 7.41592399660998, 2.7537828335933, 4.19423032940185, 4.06668929275356, 6.55993023667264, 4.83326186705634, 5.50663702798951, 4.94290648930259, 4.91425908541737, 7.73720456802891, 4.54845802868146, 8.03294120885908, 1.90249439153956, 6.16922749927214, 5.24770848768923, 5.43188313748795, 5.75927896551976, 3.9953530937814, 4.33358523266116, 2.96284923378582, 2.85641754704884, 5.60705728280852, 5.89641955725885, 5.10600845346101, 6.84453493575947, 9.10016937125429, 4.01793766788693, 0.381662248718375, 7.01147704892451, 3.58159847483521, 3.62398276706528, 7.0511427393934, 4.43045398589798, 2.55856457549093, 5.3626069594983, 4.72221727512191, 5.01152837179977, 5.77056080225266, 4.25867993641518, 6.28875309703767, 4.5590268763625, 5.66356392783139, 7.1936780262987, 5.87036298166761, 4.34813682893755, 7.29761523690219, 6.98700771192424, 6.09679391901614, 5.47746347022288, 3.74418784792126, 7.72130489706002, 3.79948082570575, 9.37466598603315, 8.06522125237038, 4.52859928179905, 2.94715819938644)
"x2" <- c(0, 1, 0, 0, 0, 1, 0, 0, 0, 0, 0, 0, 0, 0, 0, 1, 0, 0, 1, 1, 0, 1, 1, 0, 0, 0, 0, 0, 0, 1, 0, 0, 0, 0, 0, 0, 0, 1, 0, 1, 0, 0, 0, 0, 0, 1, 0, 1, 1, 1, 0, 0, 0, 0, 0, 1, 0, 0, 0, 1, 1, 1, 0, 1, 0, 0, 0, 0, 0, 0, 1, 0, 0, 0, 1, 1, 1, 0, 0, 0, 1, 0, 0, 0, 0, 0, 0, 0, 0, 0, 0, 0, 0, 1, 1, 1, 1, 0, 0, 1)
"N" <- 100

