`.RNG.name` <- "base::Super-Duper"
`.RNG.state` <- 
c(-1906037491L,-2143890603L)
`alpha` <- 
2.14537
`beta1` <- 
1.08485
`beta2` <- 
-2.9229
`tau` <- 
1.01877
